L870: 176882.8, -26.2566
L870: 151215.8, -33.18567
L870: 220334.3, -39.32519
